259.767639 59.234791 337.981659
195.448044 129.865356 219.934036
87.455696 111.522133 200.882690
204.466400 97.008873 345.927582
330.091156 51.131306 250.333710
338.989960 122.262985 117.125282
323.834869 29.020981 128.982147
32.541523 82.238701 189.647003
265.962830 77.631310 154.717316
205.210953 51.959156 121.960533
259.767639 59.234791 337.981659
99.896370 51.035595 169.580795
285.472321 36.287193 193.987808
173.120499 169.856567 141.753784
194.587387 113.890175 129.936569
261.764404 113.385735 134.917480
115.195686 113.937408 51.767731
110.673561 94.358665 358.830322
181.806274 52.375031 318.677704
137.028137 59.007900 218.535782
144.316742 64.806526 335.578491
261.084961 109.278000 132.927216
72.480492 116.103432 39.147331
218.819199 123.015526 225.958221
131.504242 110.389847 311.052734
193.319046 43.689140 205.232544
334.325104 112.181610 32.127323
22.423401 89.196587 214.412766
233.604553 134.228104 9.933461
259.185638 82.959969 5.598392
198.390259 83.281868 312.261719
223.785690 123.019745 348.592468
356.939453 80.787743 268.960907
272.085419 44.448189 203.687057
246.744446 143.779099 286.860565
37.573227 59.085052 150.900177
104.560646 92.194168 96.856354
182.917175 70.254906 135.246185
263.973785 39.027962 244.964554
81.267578 136.763107 93.976173
357.527405 79.249428 148.912384
224.761658 39.480778 0.444399
68.001198 93.858154 131.911591
106.155807 130.507660 206.007965
354.052704 104.637878 230.862015
229.992264 26.019232 58.747860
82.138481 53.630772 15.143845
325.803589 97.792740 15.304536
11.212290 106.947525 298.326630
328.483887 81.458145 179.786942
119.620323 147.765045 313.677551
16.993164 144.340912 116.469223
5.172685 70.508240 218.303177
181.786835 89.345581 254.712036
350.090759 109.421989 143.986008
344.665710 73.261696 20.066490
281.180817 87.031136 204.608871
193.643112 110.166069 180.416992
341.207642 118.822968 214.979523
355.552307 111.998001 113.820930
237.324112 149.779312 309.150574
42.536610 70.770103 227.496048
50.102871 168.975449 235.470352
206.447433 119.874374 232.947250
295.890991 128.006470 219.305069
160.595901 63.240192 73.522247
51.404198 85.778427 71.526451
115.354622 96.830200 8.013420
12.195543 123.264816 79.549797
271.755310 136.425980 314.459198
236.041428 62.121941 142.577209
20.513462 46.807190 213.968216
230.367157 63.295837 140.238541
205.772629 49.149780 206.564743
150.141815 29.182976 14.049119
201.675415 107.450607 91.353638
57.757286 25.197119 267.527679
318.618103 135.481201 282.185455
129.695724 42.772099 95.774086
271.755310 136.425980 314.459198
128.229980 153.353775 302.827789
175.593338 121.087708 135.141663
271.162170 34.905193 34.358150
252.065598 72.961403 323.725922
306.164124 111.880478 286.005890
151.112549 55.174911 314.319000
24.911570 43.748177 16.402185
113.387283 125.973518 208.624222
201.094559 143.978821 85.190361
306.264862 134.105103 108.752472
280.047455 66.680046 6.723774
154.879074 130.823654 198.478271
204.361572 39.774769 306.608551
316.183411 151.668976 24.482563
27.038080 130.478470 243.261459
226.174255 95.599113 222.751465
193.427002 39.358147 128.635254
268.243744 15.774355 52.504536
81.839012 103.039436 295.069855
93.434898 169.549500 27.066967
297.477875 128.845566 195.895752
45.063610 104.839455 135.838562
318.746552 95.267654 146.175003
53.806473 71.966599 202.327011
294.534882 45.242668 33.256084
156.040955 139.543594 17.542921
278.078094 121.393066 267.701324
79.255821 86.316887 197.573578
42.368740 93.274658 220.539642
56.503952 78.763481 109.796402
182.314407 133.503265 98.214188
225.794907 100.947624 129.559586
209.794235 98.928101 61.908783
345.003479 82.602585 191.490097
309.611298 57.273243 30.766916
357.948242 159.786621 349.970337
231.953323 91.028816 330.367554
176.701050 39.858566 90.796394
188.254074 87.827583 71.852158
