9.166667 13.433333 9.500000
12.540816 4.479592 8.071428
1.500000 23.500000 11.500000
15.613208 1.443396 6.103774
8.282609 18.969564 13.204348
13.441176 8.529411 12.176471
18.253246 10.487013 10.525974
11.400000 23.566668 6.133333
18.590910 23.454546 12.560606
12.000000 23.666666 2.916667
1.500000 23.500000 5.500000
16.922222 10.622222 14.000000
9.867347 16.887754 1.479592
17.404762 14.833333 5.880952
2.063380 19.528170 9.373240
19.260000 1.620000 5.460000
4.369565 13.239130 13.586957
18.500000 2.250000 14.416667
10.191358 6.895061 12.141975
16.287878 18.954546 14.227273
22.289474 9.675439 12.236842
22.446808 6.021276 4.741135
13.283334 19.549999 10.333333
9.941860 12.011628 1.267442
1.814286 15.071428 8.700000
5.166667 19.214285 11.119047
1.500000 21.000000 13.500000
22.854839 5.725806 0.887097
3.693548 5.435484 10.016129
5.663636 23.381819 6.300000
5.619048 14.023809 9.690476
23.900000 21.100000 1.300000
7.466020 9.917476 12.208738
9.713740 15.484733 12.270992
2.133987 2.173203 11.075164
11.895349 21.104650 5.639535
8.717391 18.282608 9.630435
7.321429 13.705358 5.687500
8.239130 7.273913 2.308696
20.523809 9.833333 6.166667
15.853536 7.813131 9.297979
21.467136 17.251173 12.575117
16.200001 2.720000 11.533334
2.727891 9.401361 7.500000
21.166666 9.055555 4.500000
6.706250 22.943750 12.425000
11.649700 10.973054 7.697605
14.000000 11.500000 5.100000
22.027918 13.713198 6.489848
21.983517 22.351648 2.648352
13.250000 5.500000 11.781250
15.403226 23.661291 1.435484
18.653847 5.833333 2.474359
19.166666 1.166667 13.666667
2.295455 9.647727 13.090909
12.718750 3.031250 13.656250
2.935644 8.920792 2.356436
1.500000 15.500000 11.000000
16.125000 20.708334 7.666667
19.606558 17.688524 5.573771
10.733334 6.800000 5.866667
1.913793 22.672413 10.879311
13.166667 14.500000 12.916667
1.500000 23.500000 13.500000
11.400000 17.620001 5.590000
1.467213 23.073771 5.614754
17.500000 11.500000 6.500000
15.413043 15.847826 5.673913
23.607143 18.232143 5.767857
1.500000 7.000000 7.500000
1.833333 24.111111 9.388889
1.500000 15.500000 13.500000
17.458677 22.921488 5.376033
7.188073 19.408257 7.674312
23.244186 17.244186 1.476744
2.900000 2.540000 3.245000
15.326530 13.724490 12.969388
11.733334 14.466666 2.433333
12.460396 22.143564 10.935643
20.388889 12.666667 3.277778
20.196774 20.648388 10.119355
21.750000 1.388889 1.527778
21.750000 1.375000 5.250000
14.500000 12.166667 0.833333
17.413979 2.381721 1.876344
20.947369 13.605263 10.605263
2.260000 5.800000 13.720000
22.985714 23.142857 10.500000
1.636364 18.590910 13.454545
17.954546 5.409091 7.590909
2.692857 15.650000 12.471429
8.500000 2.443089 2.394309
15.747422 5.520618 5.407217
19.693548 7.231183 13.327957
16.037037 23.907408 10.037037
13.537037 13.407408 3.111111
14.653846 10.653846 7.961538
23.568966 11.764368 11.028735
13.340580 7.326087 2.398551
15.731527 19.091133 2.155172
8.300000 8.366667 8.277778
13.362745 2.088235 1.637255
11.952381 1.380952 8.047619
6.420635 12.214286 1.896825
12.125000 23.729166 12.666667
22.059322 3.104520 10.389831
5.900000 9.700000 3.900000
12.191489 14.574468 8.095745
3.609705 18.537975 3.109705
21.666666 10.222222 1.370370
1.500000 6.750000 5.250000
16.727777 10.166667 3.366667
7.581872 2.745614 10.239766
9.544248 21.933628 1.933628
9.611111 8.611111 3.500000
23.919355 13.274194 1.983871
15.684615 17.123077 10.100000
18.266666 14.255555 1.544444
11.902985 3.141791 4.246269
