0.1500
0.4900
0.0100
0.5300
1.1500
0.3400
0.7700
0.6000
0.6600
0.2400
0.0100
0.9000
0.4900
0.2100
0.7100
0.2500
0.2300
0.1200
0.8100
0.3300
0.5700
2.8200
0.6000
0.4300
0.3500
0.2100
0.1800
0.3100
0.3100
1.1000
0.4200
0.0500
2.0600
1.3100
1.5300
0.4300
0.2300
1.1200
1.1500
0.4200
0.9900
2.1300
1.5000
2.9400
0.0900
1.6000
1.6700
0.1000
1.9700
1.8200
0.3200
0.3100
0.3900
0.0600
0.8800
0.6400
2.0200
0.0200
0.2400
1.2200
0.6000
0.2900
0.1200
0.2700
1.0000
0.6100
0.0300
0.2300
0.5600
0.0200
0.1800
0.0100
1.2100
1.0900
0.4300
2.0000
0.9800
0.3000
1.0100
0.1800
1.5500
0.3600
0.0800
0.1200
0.9300
0.3800
0.5000
1.4000
0.2200
0.1100
1.4000
1.2300
0.9700
0.9300
0.5400
0.5400
0.1300
0.8700
0.6900
2.0300
0.4500
0.5100
0.4200
0.6300
0.4800
3.5400
0.0500
0.9400
4.7400
0.5400
0.0400
1.8000
3.4200
1.1300
0.2700
0.3100
1.3000
0.9000
0.6700
